14 16
   7   38    8   98   85   47   31   38   49   24   86   96   15   77   32   78 
  96   54    0   66   55   46   31   54   22    8   54   73   61   34   22   69 
  72   30   67    9   29   98   99   30   75   85   26   42   14   58   20   10 
  65   72   77   20   70   60   26   92   21   80   18   82   66   40   51   90 
  22   71   51   52   21   50   82   96   87   61   38    1   19   11   64   36 
  83   93    8   54   53   34   46   74   67   16   57   33   56   60   24   31 
  31   75   83   53   78   17    1   65   78   40   19   50    3   83   38   86 
  76   47   92   81   33   91   56   52    7   65   86   16   77   62   47    9 
  89   82   14   67   99   15   85   30    7    4   32   10   39   70   49   15 
  69   41   96   55   32    4    7   40   21   93    8   99   55   55   60   97 
  89   74   64   40   41   49   70    1    5   54   63   44   25   12   11   46 
  54   60    1   86   64    9   78   86    2   38   85   10   93   45    7   34 
  71   23   75   64   25   97   65   30   52   29   75   77   93   38   23   47 
  98   77   86   63   86   16    1   40   55   38    2    0   35   61   35   58 
